[gd_scene load_steps=20 format=3 uid="uid://dmf0vo8jrm34a"]

[ext_resource type="PackedScene" uid="uid://duevw8ikxn5kj" path="res://menus/pause/container.tscn" id="1_mb05r"]
[ext_resource type="PackedScene" uid="uid://pw71tm25g4j4" path="res://actors/props/weather/weather.tscn" id="2_80ox6"]
[ext_resource type="PackedScene" uid="uid://cgpke20inq3xd" path="res://stages/lighting/enviroment.tscn" id="2_u51x1"]
[ext_resource type="PackedScene" uid="uid://c63gb30rbqgem" path="res://actors/characters/player/reaper.tscn" id="4_42w7d"]
[ext_resource type="PackedScene" uid="uid://bwu2lkv2cv827" path="res://stages/lighting/sun.tscn" id="4_mqk0e"]
[ext_resource type="PackedScene" uid="uid://615n66a3l256" path="res://stages/level_1_lust/tower.blend" id="6_hcc5w"]
[ext_resource type="Script" uid="uid://f6ioqa0mvpjo" path="res://actors/characters/hurt_box.gd" id="6_mb05r"]
[ext_resource type="Material" uid="uid://bofjw8wwuxc71" path="res://stages/materials/bricks/castle/castle_big.tres" id="8_u51x1"]
[ext_resource type="Material" uid="uid://c7xo8odsficf7" path="res://actors/props/rocks/materials/world_rocks.tres" id="9_u51x1"]
[ext_resource type="PackedScene" uid="uid://cc3uruvdi605x" path="res://actors/props/doors/light/light_door.tscn" id="10_s2ex5"]
[ext_resource type="PackedScene" uid="uid://b1gqd40t6mj76" path="res://actors/props/wisp/wisp.tscn" id="11_ugtt7"]
[ext_resource type="PackedScene" uid="uid://1jc5rm2ln3av" path="res://actors/props/checkpoint/checkpoint.tscn" id="12_0gnis"]
[ext_resource type="PackedScene" uid="uid://b1kpbao7u5y7k" path="res://actors/props/bounce_pad/bounce_pad.tscn" id="13_irbjh"]

[sub_resource type="NavigationMesh" id="NavigationMesh_jc5vn"]

[sub_resource type="FastNoiseLite" id="FastNoiseLite_u51x1"]
seed = -2735
frequency = 0.1056

[sub_resource type="NoiseTexture2D" id="NoiseTexture2D_42w7d"]
noise = SubResource("FastNoiseLite_u51x1")

[sub_resource type="StandardMaterial3D" id="StandardMaterial3D_42w7d"]
albedo_color = Color(0, 0, 0, 1)
emission_enabled = true
emission = Color(0.571755, 0.596825, 0.623254, 1)
normal_enabled = true
normal_texture = SubResource("NoiseTexture2D_42w7d")

[sub_resource type="BoxMesh" id="BoxMesh_mqk0e"]

[sub_resource type="BoxShape3D" id="BoxShape3D_80ox6"]
size = Vector3(1926, 195.837, 1361.68)

[node name="Main" type="Node3D"]

[node name="Menu" parent="." instance=ExtResource("1_mb05r")]

[node name="NavigationRegion3D" type="NavigationRegion3D" parent="."]
transform = Transform3D(1, 0, 0, 0, 1, 0, 0, 0, 1, 0, 36.1039, 0)
navigation_mesh = SubResource("NavigationMesh_jc5vn")

[node name="Castle" parent="NavigationRegion3D" instance=ExtResource("6_hcc5w")]
transform = Transform3D(-4.37114e-08, 0, -1, 0, 1, 0, 1, 0, -4.37114e-08, 135.739, 8.16232, -12.8293)

[node name="tower" parent="NavigationRegion3D/Castle" index="0"]
surface_material_override/0 = ExtResource("8_u51x1")
surface_material_override/1 = ExtResource("9_u51x1")

[node name="CollisionShape3D" parent="NavigationRegion3D/Castle/tower/StaticBody3D" index="0"]
debug_color = Color(0.458405, 0.458405, 0.458405, 0.247059)

[node name="island" parent="NavigationRegion3D/Castle" index="1"]
material_override = ExtResource("9_u51x1")

[node name="Enviroment" type="Node" parent="."]

[node name="WorldEnvironment" parent="Enviroment" instance=ExtResource("2_u51x1")]

[node name="Weather" parent="Enviroment" instance=ExtResource("2_80ox6")]

[node name="Lights" type="Node" parent="Enviroment"]

[node name="Castle" type="Node" parent="Enviroment/Lights"]

[node name="Fill" type="Node" parent="Enviroment/Lights/Castle"]

[node name="OmniLight3D" type="OmniLight3D" parent="Enviroment/Lights/Castle/Fill"]
transform = Transform3D(-0.863752, 0.338229, -0.373543, -0.3265, 0.189003, 0.926108, 0.383837, 0.921889, -0.0528199, 198.361, 120.793, -60.1603)
light_color = Color(0.603922, 0.509804, 0.313726, 1)
light_energy = 1000.0
light_indirect_energy = 0.0
light_volumetric_fog_energy = 0.0
light_specular = 0.0
omni_range = 67.1022

[node name="OmniLight3D2" type="OmniLight3D" parent="Enviroment/Lights/Castle/Fill"]
transform = Transform3D(-0.863752, 0.338229, -0.373543, -0.3265, 0.189003, 0.926108, 0.383837, 0.921889, -0.0528199, 179.678, 55.3256, 31.3672)
light_color = Color(0.6051, 0.508821, 0.311795, 1)
light_energy = 1000.0
light_indirect_energy = 0.0
light_volumetric_fog_energy = 0.0
light_specular = 0.0
omni_range = 31.3062

[node name="Door" type="Node" parent="Enviroment/Lights/Castle"]

[node name="MeshInstance3D" type="MeshInstance3D" parent="Enviroment/Lights/Castle/Door"]
transform = Transform3D(4.62649, 0, 0, 0, 45.4866, 0, 0, 0, 22.9136, 135.592, 67.374, -13.6777)
material_override = SubResource("StandardMaterial3D_42w7d")
mesh = SubResource("BoxMesh_mqk0e")
skeleton = NodePath("../../../..")

[node name="OmniLight3D" type="OmniLight3D" parent="Enviroment/Lights/Castle/Door"]
transform = Transform3D(-0.863752, 0.338229, -0.373543, -0.3265, 0.189003, 0.926108, 0.383837, 0.921889, -0.0528199, 127.575, 54.9646, -13.0798)
light_color = Color(0.572549, 0.596078, 0.623529, 1)
light_energy = 1.441
light_indirect_energy = 0.0
light_volumetric_fog_energy = 0.0
light_specular = 19.937
omni_range = 20.4406

[node name="OmniLight3D3" type="OmniLight3D" parent="Enviroment/Lights"]
transform = Transform3D(-0.863752, 0.338229, -0.373543, -0.3265, 0.189003, 0.926108, 0.383837, 0.921889, -0.0528199, 58.3265, 26.7524, 28.2756)
light_color = Color(0.97, 0.74496, 0.6887, 1)
light_energy = 20.0
light_indirect_energy = 0.0
light_volumetric_fog_energy = 0.0
light_specular = 0.0
omni_range = 101.01

[node name="Sun" parent="Enviroment/Lights" instance=ExtResource("4_mqk0e")]

[node name="LightDoor" parent="." instance=ExtResource("10_s2ex5")]
transform = Transform3D(-4.37114e-08, 0, -1, 0, 1, 0, 1, 0, -4.37114e-08, 132.467, 48.4689, -11.9504)
DESTINATION_NODE_NAME = "Enter"
DESTINATION_SCENE = "uid://worsh6enfk2g"

[node name="Reaper" parent="." instance=ExtResource("4_42w7d")]
transform = Transform3D(-0.0916933, 0, -0.995788, 0, 1, 0, 0.995788, 0, -0.0916933, -47.1044, -36.4723, 132.54)

[node name="KillVolume" type="Area3D" parent="."]
transform = Transform3D(1, 0, 0, 0, 1, 0, 0, 0, 1, 0.535756, 46.9871, 19)
collision_layer = 3
collision_mask = 3
script = ExtResource("6_mb05r")
damage = 10000
death_animation = "FALL_DEATH"

[node name="CollisionShape3D" type="CollisionShape3D" parent="KillVolume"]
transform = Transform3D(1, 0, 0, 0, 1, 0, 0, 0, 1, 206.713, -212.355, 36.6345)
shape = SubResource("BoxShape3D_80ox6")
debug_color = Color(0.7, 0.7, 0.7, 0)

[node name="Wisp" parent="." instance=ExtResource("11_ugtt7")]
transform = Transform3D(1, 0, 0, 0, 1, 0, 0, 0, 1, 29.3937, -12.9504, 61.7303)
HEALTH = false

[node name="Wisp2" parent="." instance=ExtResource("11_ugtt7")]
transform = Transform3D(1, 0, 0, 0, 1, 0, 0, 0, 1, 71.4978, 19.0607, -1.22197)

[node name="Checkpoint" parent="." instance=ExtResource("12_0gnis")]
transform = Transform3D(0.994787, -0.101977, 0, 0.101977, 0.994787, 0, 0, 0, 1, 16.6502, -25.4315, 96.9815)

[node name="BouncePad" parent="." instance=ExtResource("13_irbjh")]
transform = Transform3D(1, 0, 0, 0, 1, 0, 0, 0, 1, 38.1198, -8.35683, 31.522)

[node name="Checkpoint2" parent="." instance=ExtResource("12_0gnis")]
transform = Transform3D(0.978914, -0.2041, -0.00836544, 0.202471, 0.974899, -0.0926192, 0.0270591, 0.0889725, 0.995666, 69.9323, 11.4351, 14.123)

[connection signal="body_entered" from="KillVolume" to="KillVolume" method="_on_body_entered"]

[editable path="NavigationRegion3D/Castle"]
