[gd_scene load_steps=14 format=3 uid="uid://cjnryqwoknkw5"]

[ext_resource type="PackedScene" uid="uid://duevw8ikxn5kj" path="res://menus/pause/pause.tscn" id="1_kjfq7"]
[ext_resource type="PackedScene" uid="uid://cgpke20inq3xd" path="res://stages/lighting/enviroment.tscn" id="2_cy8f3"]
[ext_resource type="PackedScene" uid="uid://pw71tm25g4j4" path="res://actors/props/weather/weather.tscn" id="3_o1545"]
[ext_resource type="PackedScene" uid="uid://c63gb30rbqgem" path="res://actors/characters/player/reaper.tscn" id="5_vybla"]
[ext_resource type="PackedScene" uid="uid://1jc5rm2ln3av" path="res://actors/props/checkpoint/checkpoint.tscn" id="6_cy8f3"]
[ext_resource type="PackedScene" uid="uid://bwyvmebwu86xs" path="res://actors/props/doors/heavy/heavy_door.tscn" id="7_q5vxo"]
[ext_resource type="PackedScene" uid="uid://b8bvono5iv61i" path="res://actors/characters/enemies/bosses/greed/greed_talk_1.tscn" id="7_yokt0"]
[ext_resource type="Material" uid="uid://b7ndlyb5lfeuy" path="res://stages/materials/bricks/small/world_small.tres" id="8_5spip"]
[ext_resource type="Material" uid="uid://cwytjbq2qmglj" path="res://stages/materials/bricks/star/world_star.tres" id="9_fi73v"]
[ext_resource type="PackedScene" uid="uid://cemstdmdnxhba" path="res://actors/props/ladders/ladder.tscn" id="10_qh5wb"]
[ext_resource type="PackedScene" uid="uid://dfri6vhmpkyfv" path="res://actors/characters/npcs/piglet/piglet.tscn" id="11_2c563"]

[sub_resource type="NavigationMesh" id="NavigationMesh_jc5vn"]
vertices = PackedVector3Array(-22.1898, 0.43213, -14.2991, -22.1898, 0.43213, 14.2009, 41.8102, 0.43213, 14.2009, 41.8102, 0.43213, -14.2991)
polygons = [PackedInt32Array(3, 2, 0), PackedInt32Array(0, 2, 1)]

[sub_resource type="BoxMesh" id="BoxMesh_od467"]

[node name="Main" type="Node3D"]

[node name="NavigationRegion3D" type="NavigationRegion3D" parent="."]
transform = Transform3D(1, 0, 0, 0, 1, 0, 0, 0, 1, 0, -9, 0)
navigation_mesh = SubResource("NavigationMesh_jc5vn")

[node name="CSGCombiner3D" type="CSGCombiner3D" parent="NavigationRegion3D"]
material_override = ExtResource("8_5spip")
use_collision = true

[node name="CSGBox3D" type="CSGBox3D" parent="NavigationRegion3D/CSGCombiner3D"]
transform = Transform3D(1, 0, 0, 0, 1, 0, 0, 0, 1, 9.71385, 9.93213, -0.0490699)
flip_faces = true
size = Vector3(65.3073, 20, 30)

[node name="Enviroment" type="Node" parent="."]

[node name="WorldEnvironment" parent="Enviroment" instance=ExtResource("2_cy8f3")]

[node name="Weather" parent="Enviroment" instance=ExtResource("3_o1545")]

[node name="Lights" type="Node" parent="Enviroment"]

[node name="OmniLight3D" type="OmniLight3D" parent="Enviroment/Lights"]
transform = Transform3D(-0.863752, 0.338229, -0.373543, -0.3265, 0.189003, 0.926108, 0.383837, 0.921889, -0.0528199, 16.3637, 1.1386, -0.412741)
light_color = Color(0.29, 0.29, 0.29, 1)
light_energy = 100.0
light_indirect_energy = 0.0
light_volumetric_fog_energy = 0.0
light_specular = 0.2
omni_range = 101.01

[node name="Lights" type="Node3D" parent="Enviroment/Lights"]
transform = Transform3D(1, 0, 0, 0, 1, 0, 0, 0, 1, 0, -9, 0)

[node name="MeshInstance3D" type="MeshInstance3D" parent="."]
transform = Transform3D(97.3175, 0, 0, 0, 1, 0, 0, 0, 42.0321, 0, -9.54005, 0)
material_override = ExtResource("9_fi73v")
mesh = SubResource("BoxMesh_od467")

[node name="Reaper" parent="." instance=ExtResource("5_vybla")]
transform = Transform3D(-0.0916933, 0, -0.995788, 0, 1, 0, 0.995788, 0, -0.0916933, -13.0945, -7.47934, -1.63374)

[node name="Enter" parent="." instance=ExtResource("7_q5vxo")]
transform = Transform3D(-4.37114e-08, 0, 1, 0, 1, 0, -1, 0, -4.37114e-08, -22.5156, -9.60013, 1.00536e-06)
DESTINATION_NODE_NAME = "Exit"
DESTINATION_SCENE = "uid://worsh6enfk2g"

[node name="Exit" parent="." instance=ExtResource("7_q5vxo")]
transform = Transform3D(1.31134e-07, 0, -1, 0, 1, 0, 1, 0, 1.31134e-07, 41.8639, -9.60013, 1.00536e-06)
DESTINATION_NODE_NAME = "Enter"
DESTINATION_SCENE = "uid://cx2ditraoxlvu"

[node name="FloatingRocksDoor" parent="." instance=ExtResource("7_q5vxo")]
transform = Transform3D(1, 0, 1.06581e-14, 0, 1, 0, -1.06581e-14, 0, 1, 7.61851, -9.60013, -14.9987)
DESTINATION_NODE_NAME = "enter"
DESTINATION_SCENE = "uid://c5350q0aryax0"

[node name="Checkpoint" parent="." instance=ExtResource("6_cy8f3")]
transform = Transform3D(-4.37114e-08, 0, -1, 0, 1, 0, 1, 0, -4.37114e-08, 6.98366, -9.11077, 0.396708)

[node name="greed_talk_1" parent="." instance=ExtResource("7_yokt0")]
transform = Transform3D(1, 0, 0, 0, 1, 0, 0, 0, 1, 30.6477, -9.34837, -13)

[node name="Ladder" parent="." instance=ExtResource("10_qh5wb")]
transform = Transform3D(-4.37114e-08, 0, 1, 0, 1, 0, -1, 0, -4.37114e-08, -0.802918, 23.5215, 14.626)

[node name="Ladder2" parent="." instance=ExtResource("10_qh5wb")]
transform = Transform3D(-4.37114e-08, 2.21727e-15, -1, -0.514559, 0.857455, 2.24921e-08, 0.857455, 0.514559, -3.74805e-08, -11.9031, 22.8445, -12.3389)

[node name="Piglet" parent="." instance=ExtResource("11_2c563")]
transform = Transform3D(-0.965926, 0, -0.258819, 0, 1, 0, 0.258819, 0, -0.965926, -7.91218, -8.92891, 10.9577)

[node name="BoneAttachment3D" parent="Piglet/piglet/Piglet/Skeleton3D" index="1"]
transform = Transform3D(-1, 1.50785e-07, 3.65824e-08, 4.4543e-08, 0.0531375, 0.998587, 1.48628e-07, 0.998587, -0.0531373, 0.0143669, 0.539512, -1.76027)

[node name="PickUpInteraction" parent="Piglet" index="3"]
disabled = true

[node name="HeadPetInteraction" parent="Piglet" index="4"]
disabled = false

[node name="Menu" parent="." instance=ExtResource("1_kjfq7")]

[editable path="greed_talk_1"]
[editable path="greed_talk_1/greed"]
[editable path="Piglet"]
[editable path="Piglet/piglet"]
