[gd_scene load_steps=16 format=3 uid="uid://cx2ditraoxlvu"]

[ext_resource type="PackedScene" uid="uid://duevw8ikxn5kj" path="res://menus/pause/container.tscn" id="1_wceab"]
[ext_resource type="Material" uid="uid://b7ndlyb5lfeuy" path="res://stages/materials/bricks/small/world_small.tres" id="2_7wkw3"]
[ext_resource type="PackedScene" uid="uid://cgpke20inq3xd" path="res://stages/lighting/enviroment.tscn" id="3_w2dfs"]
[ext_resource type="PackedScene" uid="uid://pw71tm25g4j4" path="res://actors/props/weather/weather.tscn" id="4_s7wev"]
[ext_resource type="Material" uid="uid://cwytjbq2qmglj" path="res://stages/materials/bricks/star/world_star.tres" id="5_m2l7k"]
[ext_resource type="PackedScene" uid="uid://c63gb30rbqgem" path="res://actors/characters/player/reaper.tscn" id="6_hc341"]
[ext_resource type="PackedScene" uid="uid://bwyvmebwu86xs" path="res://actors/props/doors/heavy/heavy_door.tscn" id="7_c6ynn"]
[ext_resource type="PackedScene" uid="uid://nvfnr7o67bwx" path="res://actors/characters/enemies/bosses/gluttony/gluttony_preview.tscn" id="8_yyoo5"]
[ext_resource type="PackedScene" uid="uid://1jc5rm2ln3av" path="res://actors/props/checkpoint/checkpoint.tscn" id="9_yyoo5"]
[ext_resource type="PackedScene" uid="uid://d0qec5kl2ju4u" path="res://actors/characters/enemies/bosses/wrath/wrath_preview.tscn" id="10_el64o"]
[ext_resource type="PackedScene" uid="uid://blxvkukk5u1ps" path="res://actors/characters/enemies/bosses/greed/greed_preview.tscn" id="11_el64o"]
[ext_resource type="PackedScene" uid="uid://byk6752w0gnw2" path="res://actors/characters/enemies/bosses/gluttony/gluttony.tscn" id="12_efe6f"]
[ext_resource type="PackedScene" uid="uid://wlhsn0forped" path="res://actors/characters/npcs/piglet/piglet.blend" id="13_i5fvn"]

[sub_resource type="NavigationMesh" id="NavigationMesh_jc5vn"]
vertices = PackedVector3Array(-22.1898, 0.43213, -14.2991, -22.1898, 0.43213, 14.2009, 41.8102, 0.43213, 14.2009, 41.8102, 0.43213, -14.2991)
polygons = [PackedInt32Array(3, 2, 0), PackedInt32Array(0, 2, 1)]

[sub_resource type="BoxMesh" id="BoxMesh_od467"]

[node name="Main" type="Node3D"]

[node name="Menu" parent="." instance=ExtResource("1_wceab")]

[node name="NavigationRegion3D" type="NavigationRegion3D" parent="."]
transform = Transform3D(1, 0, 0, 0, 1, 0, 0, 0, 1, 0, -9, 0)
navigation_mesh = SubResource("NavigationMesh_jc5vn")

[node name="CSGCombiner3D" type="CSGCombiner3D" parent="NavigationRegion3D"]
material_override = ExtResource("2_7wkw3")
use_collision = true

[node name="CSGBox3D" type="CSGBox3D" parent="NavigationRegion3D/CSGCombiner3D"]
transform = Transform3D(1, 0, 0, 0, 1, 0, 0, 0, 1, 9.71385, 9.93213, -0.0490699)
flip_faces = true
size = Vector3(65.3073, 20, 30)

[node name="Enviroment" type="Node" parent="."]

[node name="WorldEnvironment" parent="Enviroment" instance=ExtResource("3_w2dfs")]

[node name="Weather" parent="Enviroment" instance=ExtResource("4_s7wev")]

[node name="Lights" type="Node" parent="Enviroment"]

[node name="OmniLight3D" type="OmniLight3D" parent="Enviroment/Lights"]
transform = Transform3D(-0.863752, 0.338229, -0.373543, -0.3265, 0.189003, 0.926108, 0.383837, 0.921889, -0.0528199, 16.3637, 1.1386, -0.412741)
light_color = Color(0.29, 0.29, 0.29, 1)
light_energy = 100.0
light_indirect_energy = 0.0
light_volumetric_fog_energy = 0.0
light_specular = 0.2
omni_range = 101.01

[node name="Lights" type="Node3D" parent="Enviroment/Lights"]
transform = Transform3D(1, 0, 0, 0, 1, 0, 0, 0, 1, 0, -9, 0)

[node name="MeshInstance3D" type="MeshInstance3D" parent="."]
transform = Transform3D(97.3175, 0, 0, 0, 1, 0, 0, 0, 42.0321, 0, -9.54005, 0)
material_override = ExtResource("5_m2l7k")
mesh = SubResource("BoxMesh_od467")

[node name="Reaper" parent="." instance=ExtResource("6_hc341")]
transform = Transform3D(-0.0916933, 0, -0.995788, 0, 1, 0, 0.995788, 0, -0.0916933, -13.0945, -7.47934, -1.63374)

[node name="Exit" parent="." groups=["gluttony_door"] instance=ExtResource("7_c6ynn")]
transform = Transform3D(1.31134e-07, 0, -1, 0, 1, 0, 1, 0, 1.31134e-07, 41.8639, -9.60013, 1.00536e-06)
DESTINATION_NODE_NAME = "Enter"
LOCKED = true
DESTINATION_SCENE = "uid://cbk056vj32v0p"

[node name="Enter" parent="." instance=ExtResource("7_c6ynn")]
transform = Transform3D(-4.37112e-08, 0, 1, 0, 1, 0, -1, 0, -4.37112e-08, -22.2895, -9.60013, 1.00536e-06)
DESTINATION_NODE_NAME = "LightDoor"
DESTINATION_SCENE = "uid://dmf0vo8jrm34a"

[node name="Checkpoint" parent="." instance=ExtResource("9_yyoo5")]
transform = Transform3D(-4.37114e-08, 0, -1, 0, 1, 0, 1, 0, -4.37114e-08, -6.43816, -9.11624, 0)

[node name="WrathPreview" parent="." instance=ExtResource("10_el64o")]
transform = Transform3D(-0.759827, 0, 0.650125, 0, 1, 0, -0.650125, 0, -0.759827, 27.2417, -9.06787, -7.17066)
visible = false

[node name="GreedPreview" parent="." instance=ExtResource("11_el64o")]
transform = Transform3D(-0.729721, 0, -0.683745, 0, 1, 0, 0.683745, 0, -0.729721, 26.1541, -9.06787, 7.00203)
visible = false

[node name="GluttonyPreview" parent="." instance=ExtResource("8_yyoo5")]
transform = Transform3D(-0.989639, 0, 0.143579, 0, 1, 0, -0.143579, 0, -0.989639, 25.4002, -7.39686, 0.793018)
visible = false

[node name="Greed" parent="." instance=ExtResource("12_efe6f")]
transform = Transform3D(1.31134e-07, 0, -1, 0, 1, 0, 1, 0, 1.31134e-07, 29.4307, -8.57605, 0.494595)

[node name="piglet" parent="." instance=ExtResource("13_i5fvn")]
transform = Transform3D(-0.191152, 0, 0.981561, 0, 1, 0, -0.981561, 0, -0.191152, 25.2042, -8.94136, -3.9411)
