[gd_scene load_steps=16 format=3 uid="uid://cx2ditraoxlvu"]

[ext_resource type="PackedScene" uid="uid://duevw8ikxn5kj" path="res://menus/pause/pause.tscn" id="1_wceab"]
[ext_resource type="Material" uid="uid://b7ndlyb5lfeuy" path="res://stages/materials/bricks/small/world_small.tres" id="2_7wkw3"]
[ext_resource type="PackedScene" uid="uid://cgpke20inq3xd" path="res://stages/lighting/enviroment.tscn" id="3_w2dfs"]
[ext_resource type="PackedScene" uid="uid://pw71tm25g4j4" path="res://actors/props/weather/weather.tscn" id="4_s7wev"]
[ext_resource type="Material" uid="uid://cwytjbq2qmglj" path="res://stages/materials/bricks/star/world_star.tres" id="5_m2l7k"]
[ext_resource type="PackedScene" uid="uid://c63gb30rbqgem" path="res://actors/characters/player/reaper.tscn" id="6_hc341"]
[ext_resource type="PackedScene" uid="uid://bwyvmebwu86xs" path="res://actors/props/doors/heavy/heavy_door.tscn" id="7_c6ynn"]
[ext_resource type="PackedScene" uid="uid://nvfnr7o67bwx" path="res://actors/characters/enemies/bosses/gluttony/gluttony_preview.tscn" id="8_yyoo5"]
[ext_resource type="PackedScene" uid="uid://1jc5rm2ln3av" path="res://actors/props/checkpoint/checkpoint.tscn" id="9_yyoo5"]
[ext_resource type="PackedScene" uid="uid://d0qec5kl2ju4u" path="res://actors/characters/enemies/bosses/wrath/wrath_preview.tscn" id="10_el64o"]
[ext_resource type="PackedScene" uid="uid://blxvkukk5u1ps" path="res://actors/characters/enemies/bosses/greed/greed_preview.tscn" id="11_el64o"]
[ext_resource type="PackedScene" uid="uid://byk6752w0gnw2" path="res://actors/characters/enemies/bosses/gluttony/gluttony.tscn" id="12_efe6f"]
[ext_resource type="PackedScene" uid="uid://dfri6vhmpkyfv" path="res://actors/characters/npcs/piglet/piglet.tscn" id="13_i5fvn"]

[sub_resource type="NavigationMesh" id="NavigationMesh_jc5vn"]
vertices = PackedVector3Array(-22.1898, 0.43213, -14.2991, -22.1898, 0.43213, 14.2009, 41.8102, 0.43213, 14.2009, 41.8102, 0.43213, -14.2991)
polygons = [PackedInt32Array(3, 2, 0), PackedInt32Array(0, 2, 1)]

[sub_resource type="BoxMesh" id="BoxMesh_od467"]

[node name="Main" type="Node3D"]

[node name="NavigationRegion3D" type="NavigationRegion3D" parent="."]
transform = Transform3D(1, 0, 0, 0, 1, 0, 0, 0, 1, 0, -9, 0)
navigation_mesh = SubResource("NavigationMesh_jc5vn")

[node name="CSGCombiner3D" type="CSGCombiner3D" parent="NavigationRegion3D"]
material_override = ExtResource("2_7wkw3")
use_collision = true

[node name="CSGBox3D" type="CSGBox3D" parent="NavigationRegion3D/CSGCombiner3D"]
transform = Transform3D(1, 0, 0, 0, 1, 0, 0, 0, 1, 9.71385, 9.93213, -0.0490699)
flip_faces = true
size = Vector3(65.3073, 20, 30)

[node name="CSGBox3D2" type="CSGBox3D" parent="NavigationRegion3D/CSGCombiner3D"]
transform = Transform3D(1, 0, 0, 0, 1, 0, 0, 0, 1, 116.56, 6.43213, 0.45093)
flip_faces = true
size = Vector3(29, 13, 15)

[node name="CSGBox3D3" type="CSGBox3D" parent="NavigationRegion3D/CSGCombiner3D"]
transform = Transform3D(1, 0, 0, 0, 1, 0, 0, 0, 1, 50.5602, 1.67438, -0.0490699)
flip_faces = true
size = Vector3(17, 3.4845, 2)

[node name="CSGBox3D4" type="CSGBox3D" parent="NavigationRegion3D/CSGCombiner3D"]
transform = Transform3D(1, 0, 0, 0, 1, 0, 0, 0, 1, 59.3112, 1.67438, -4.04907)
flip_faces = true
size = Vector3(2, 3.4845, 10)

[node name="CSGBox3D5" type="CSGBox3D" parent="NavigationRegion3D/CSGCombiner3D"]
transform = Transform3D(1, 0, 0, 0, 1, 0, 0, 0, 1, 62.8112, 1.67438, -8.04907)
flip_faces = true
size = Vector3(5, 3.4845, 2)

[node name="CSGBox3D6" type="CSGBox3D" parent="NavigationRegion3D/CSGCombiner3D"]
transform = Transform3D(1, 0, 0, 0, 1, 0, 0, 0, 1, 64.3112, 1.67438, -3.30469)
flip_faces = true
size = Vector3(2, 3.4845, 8.51123)

[node name="CSGBox3D7" type="CSGBox3D" parent="NavigationRegion3D/CSGCombiner3D"]
transform = Transform3D(1, 0, 0, 0, 1, 0, 0, 0, 1, 85.9236, 1.67438, -0.0490699)
flip_faces = true
size = Vector3(42, 3.4845, 2)

[node name="Enviroment" type="Node" parent="."]

[node name="MeshInstance3D" type="MeshInstance3D" parent="Enviroment"]
transform = Transform3D(258.713, 0, 0, 0, 1, 0, 0, 0, 89.7055, 43.3302, -9.54585, 0)
material_override = ExtResource("5_m2l7k")
mesh = SubResource("BoxMesh_od467")
skeleton = NodePath("../..")

[node name="WorldEnvironment" parent="Enviroment" instance=ExtResource("3_w2dfs")]

[node name="Weather" parent="Enviroment" instance=ExtResource("4_s7wev")]

[node name="Lights" type="Node" parent="Enviroment"]

[node name="OmniLight3D" type="OmniLight3D" parent="Enviroment/Lights"]
transform = Transform3D(-0.863752, 0.338229, -0.373543, -0.3265, 0.189003, 0.926108, 0.383837, 0.921889, -0.0528199, 16.3637, 1.1386, -0.412741)
light_color = Color(0.29, 0.29, 0.29, 1)
light_energy = 100.0
light_indirect_energy = 0.0
light_volumetric_fog_energy = 0.0
light_specular = 0.0
omni_range = 101.01

[node name="Lights" type="Node3D" parent="Enviroment/Lights"]
transform = Transform3D(1, 0, 0, 0, 1, 0, 0, 0, 1, -12.9505, -9, 0)

[node name="OmniLight3D2" type="OmniLight3D" parent="Enviroment/Lights"]
transform = Transform3D(-0.863752, 0.338229, -0.373543, -0.3265, 0.189003, 0.926108, 0.383837, 0.921889, -0.0528199, 116.137, -3.10137, -0.412741)
light_color = Color(0.29, 0.29, 0.29, 1)
light_energy = 25.825
light_indirect_energy = 0.0
light_volumetric_fog_energy = 0.0
light_specular = 0.2
omni_range = 24.7603

[node name="Reaper" parent="." instance=ExtResource("6_hc341")]
transform = Transform3D(-0.0916933, 0, -0.995788, 0, 1, 0, 0.995788, 0, -0.0916933, -13.0945, -7.47934, -1.63374)

[node name="Exit" parent="." groups=["gluttony_door"] instance=ExtResource("7_c6ynn")]
transform = Transform3D(1.31134e-07, 0, -1, 0, 1, 0, 1, 0, 1.31134e-07, 130.51, -9.60013, 1.00536e-06)
DESTINATION_NODE_NAME = "Enter"
LOCKED = true
DESTINATION_SCENE = "uid://dhhysqimh462a"

[node name="Enter" parent="." instance=ExtResource("7_c6ynn")]
transform = Transform3D(-4.37112e-08, 0, 1, 0, 1, 0, -1, 0, -4.37112e-08, -22.2895, -9.60013, 1.00536e-06)
DESTINATION_NODE_NAME = "Exit"
DESTINATION_SCENE = "uid://cjnryqwoknkw5"

[node name="Checkpoint" parent="." instance=ExtResource("9_yyoo5")]
transform = Transform3D(-4.37114e-08, 0, -1, 0, 1, 0, 1, 0, -4.37114e-08, -6.43816, -9.11624, 0)

[node name="WrathPreview" parent="." instance=ExtResource("10_el64o")]
transform = Transform3D(-0.759827, 0, 0.650125, 0, 1, 0, -0.650125, 0, -0.759827, 27.2417, -9.06787, -7.17066)
visible = false

[node name="GreedPreview" parent="." instance=ExtResource("11_el64o")]
transform = Transform3D(-0.729721, 0, -0.683745, 0, 1, 0, 0.683745, 0, -0.729721, 26.1541, -9.06787, 7.00203)
visible = false

[node name="Gluttony" parent="." instance=ExtResource("12_efe6f")]
transform = Transform3D(1.31134e-07, 0, -1, 0, 1, 0, 1, 0, 1.31134e-07, 40.4449, -8.80873, 0)

[node name="Piglet" parent="." instance=ExtResource("13_i5fvn")]
transform = Transform3D(0.971619, 0, -0.23655, 0, 1, 0, 0.23655, 0, 0.971619, -1.67795, -9.04355, 34.9739)

[node name="GluttonyPreview" parent="." instance=ExtResource("8_yyoo5")]
transform = Transform3D(-0.989639, 0, 0.143579, 0, 1, 0, -0.143579, 0, -0.989639, 25.4002, -7.39686, 0.793018)
visible = false

[node name="GreedPreview2" parent="." instance=ExtResource("11_el64o")]
transform = Transform3D(-0.287595, 0, -0.957752, 0, 1, 0, 0.957752, 0, -0.287595, 26.3782, -9.06787, 9.15673)
visible = false

[node name="WrathPreview2" parent="." instance=ExtResource("10_el64o")]
transform = Transform3D(-0.376014, 0, 0.926614, 0, 1, 0, -0.926614, 0, -0.376014, 26.1463, -9.06787, -7.32367)
visible = false

[node name="Menu" parent="." instance=ExtResource("1_wceab")]
