[gd_scene load_steps=12 format=3 uid="uid://cbk056vj32v0p"]

[ext_resource type="PackedScene" uid="uid://duevw8ikxn5kj" path="res://menus/pause/container.tscn" id="1_h1y3x"]
[ext_resource type="PackedScene" uid="uid://pw71tm25g4j4" path="res://actors/props/weather/weather.tscn" id="2_57mri"]
[ext_resource type="PackedScene" uid="uid://cgpke20inq3xd" path="res://stages/lighting/enviroment.tscn" id="3_xs211"]
[ext_resource type="PackedScene" uid="uid://bre6cgb3dypbs" path="res://actors/characters/enemies/bosses/greed/greed.tscn" id="4_y4fle"]
[ext_resource type="PackedScene" uid="uid://c63gb30rbqgem" path="res://actors/characters/player/reaper.tscn" id="5_sp0p1"]
[ext_resource type="PackedScene" uid="uid://bwyvmebwu86xs" path="res://actors/props/doors/heavy/heavy_door.tscn" id="6_vsy0e"]
[ext_resource type="Material" uid="uid://b7ndlyb5lfeuy" path="res://stages/materials/bricks/small/world_small.tres" id="7_te77n"]
[ext_resource type="Material" uid="uid://cwytjbq2qmglj" path="res://stages/materials/bricks/star/world_star.tres" id="8_6m1rr"]
[ext_resource type="PackedScene" uid="uid://1jc5rm2ln3av" path="res://actors/props/checkpoint/checkpoint.tscn" id="9_57mri"]

[sub_resource type="NavigationMesh" id="NavigationMesh_jc5vn"]
vertices = PackedVector3Array(-22.1898, 0.43213, -14.2991, -22.1898, 0.43213, 14.2009, 41.8102, 0.43213, 14.2009, 41.8102, 0.43213, -14.2991)
polygons = [PackedInt32Array(3, 2, 0), PackedInt32Array(0, 2, 1)]

[sub_resource type="BoxMesh" id="BoxMesh_od467"]

[node name="Main" type="Node3D"]

[node name="Menu" parent="." instance=ExtResource("1_h1y3x")]

[node name="NavigationRegion3D" type="NavigationRegion3D" parent="."]
transform = Transform3D(1, 0, 0, 0, 1, 0, 0, 0, 1, 0, -9, 0)
navigation_mesh = SubResource("NavigationMesh_jc5vn")

[node name="CSGCombiner3D" type="CSGCombiner3D" parent="NavigationRegion3D"]
material_override = ExtResource("7_te77n")
use_collision = true

[node name="CSGBox3D" type="CSGBox3D" parent="NavigationRegion3D/CSGCombiner3D"]
transform = Transform3D(1, 0, 0, 0, 1, 0, 0, 0, 1, 9.71385, 9.93213, -0.0490699)
flip_faces = true
size = Vector3(65.3073, 20, 30)

[node name="Enviroment" type="Node" parent="."]

[node name="Weather" parent="Enviroment" instance=ExtResource("2_57mri")]

[node name="WorldEnvironment" parent="Enviroment" instance=ExtResource("3_xs211")]

[node name="Lights" type="Node" parent="Enviroment"]

[node name="OmniLight3D" type="OmniLight3D" parent="Enviroment/Lights"]
transform = Transform3D(-0.863752, 0.338229, -0.373543, -0.3265, 0.189003, 0.926108, 0.383837, 0.921889, -0.0528199, 16.3637, 1.1386, -0.412741)
light_color = Color(0.29, 0.29, 0.29, 1)
light_energy = 100.0
light_indirect_energy = 0.0
light_volumetric_fog_energy = 0.0
light_specular = 0.2
omni_range = 101.01

[node name="Lights" type="Node3D" parent="Enviroment/Lights"]
transform = Transform3D(1, 0, 0, 0, 1, 0, 0, 0, 1, 0, -9, 0)

[node name="FloorMesh" type="MeshInstance3D" parent="Enviroment"]
transform = Transform3D(97.3175, 0, 0, 0, 1, 0, 0, 0, 42.0321, 0, -9.54005, 0)
material_override = ExtResource("8_6m1rr")
mesh = SubResource("BoxMesh_od467")
skeleton = NodePath("../..")

[node name="Checkpoint" parent="." instance=ExtResource("9_57mri")]
transform = Transform3D(-4.37114e-08, 0, -1, 0, 1, 0, 1, 0, -4.37114e-08, -4.79719, -9.10888, -0.207563)

[node name="Greed" parent="." instance=ExtResource("4_y4fle")]
transform = Transform3D(-4.37114e-08, 0, -1, 0, 1, 0, 1, 0, -4.37114e-08, 32.1167, -8.36329, 0)

[node name="BoneAttachment3D" parent="Greed/Mesh/Greed/Rig/Skeleton3D" index="1"]
transform = Transform3D(1, 4.71845e-14, 2.51532e-09, 3.53001e-10, 0.990102, -0.140349, -2.49041e-09, 0.140349, 0.990102, 4.26249e-13, 1.92527, 0.899412)

[node name="TorsoAttack" parent="Greed/Mesh/Greed/Rig/Skeleton3D" index="2"]
transform = Transform3D(1, 4.71845e-14, 2.51532e-09, 3.53001e-10, 0.990102, -0.140349, -2.49041e-09, 0.140349, 0.990102, 4.26249e-13, 1.92527, 0.899412)

[node name="TailSpin" parent="Greed/Mesh/Greed/Rig/Skeleton3D" index="3"]
transform = Transform3D(1, 4.71845e-14, 2.51532e-09, 3.53001e-10, 0.990102, -0.140349, -2.49041e-09, 0.140349, 0.990102, 4.26249e-13, 1.92527, 0.899412)

[node name="LeftHandAttack" parent="Greed/Mesh/Greed/Rig/Skeleton3D" index="4"]
transform = Transform3D(-0.994649, 0.0712931, 0.074767, -0.059304, -0.986623, 0.151842, 0.0845921, 0.146596, 0.985572, 0.963769, 1.3182, 0.940025)

[node name="RightHandAttack" parent="Greed/Mesh/Greed/Rig/Skeleton3D" index="5"]
transform = Transform3D(-0.951774, -0.302828, 0.0492103, 0.305802, -0.949322, 0.0726041, 0.0247299, 0.0841513, 0.996146, -1.04838, 1.33227, 0.882012)

[node name="Reaper" parent="." instance=ExtResource("5_sp0p1")]
transform = Transform3D(-0.0916932, 0, -0.995788, 0, 1, 0, 0.995788, 0, -0.0916932, -13.0945, -7.47934, -1.63374)

[node name="Enter" parent="." instance=ExtResource("6_vsy0e")]
transform = Transform3D(-4.37114e-08, 0, 1, 0, 1, 0, -1, 0, -4.37114e-08, -22.5156, -9.60013, 1.00536e-06)
DESTINATION_NODE_NAME = "Exit"
DESTINATION_SCENE = "uid://cx2ditraoxlvu"

[node name="Exit" parent="." groups=["greed_door"] instance=ExtResource("6_vsy0e")]
transform = Transform3D(1.31134e-07, 0, -1, 0, 1, 0, 1, 0, 1.31134e-07, 41.8639, -9.60013, 1.00536e-06)
DESTINATION_NODE_NAME = "Enter"
LOCKED = true
DESTINATION_SCENE = "uid://cmky6xf3axtum"

[editable path="Greed"]
[editable path="Greed/Mesh/Greed"]
[editable path="Greed/Music"]
